s.SD.SrcPos
   -2.4748    2.4748         0
   -2.4748   -2.4748         0
    2.4748    2.4748         0
    2.4748   -2.4748         0
   -2.4748   -5.9748         0
   -2.4748  -10.9245         0
    2.4748   -5.9748         0
    2.4748  -10.9245         0

s.SD.DetPos
         0         0         0
         0   -8.4497         0

s.SD.nSrcs
     8

s.SD.nDets
     2

s.SD.Lambda
   757   852

s.SD.MeasList
     1     1     1     1
     2     1     1     1
     3     1     1     1
     4     1     1     1
     5     2     1     1
     6     2     1     1
     7     2     1     1
     8     2     1     1
     1     1     1     2
     2     1     1     2
     3     1     1     2
     4     1     1     2
     5     2     1     2
     6     2     1     2
     7     2     1     2
     8     2     1     2

s.SD.SpatialUnit
cm
s.mL
     1     1     1     1
     2     1     1     1
     3     1     1     1
     4     1     1     1
     5     2     1     1
     6     2     1     1
     7     2     1     1
     8     2     1     1
     1     1     1     2
     2     1     1     2
     3     1     1     2
     4     1     1     2
     5     2     1     2
     6     2     1     2
     7     2     1     2
     8     2     1     2

s.CondNames{1}
LSL 100
s.CondNames{2}
LSL 111